 mult_seq:              4         100  0.000000000000000000000000000000000E+0000
 mult_coarr:            4         100  0.328125000000000000000000000000000      
 gauss_seq:             4         100  1.562500000000000000000000000000000E-0002
 gauss_coarr:           4         100  0.000000000000000000000000000000000E+0000
 mult_seq:              4         200  1.562500000000000000000000000000000E-0002
 mult_coarr:            4         200  0.000000000000000000000000000000000E+0000
 gauss_seq:             4         200  1.562500000000000000000000000000000E-0002
 gauss_coarr:           4         200  1.562500000000000000000000000000000E-0002
 mult_seq:              4         300  3.125000000000000000000000000000000E-0002
 mult_coarr:            4         300  0.406250000000000000000000000000000      
 gauss_seq:             4         300  3.125000000000000000000000000000000E-0002
 gauss_coarr:           4         300  1.562500000000000000000000000000000E-0002
 mult_seq:              4         400  0.140625000000000000000000000000000      
 mult_coarr:            4         400  0.578125000000000000000000000000000      
 gauss_seq:             4         400  9.375000000000000000000000000000000E-0002
 gauss_coarr:           4         400  3.125000000000000000000000000000000E-0002
 mult_seq:              4         500  0.625000000000000000000000000000000      
 mult_coarr:            4         500  0.765625000000000000000000000000000      
 gauss_seq:             4         500  0.187500000000000000000000000000000      
 gauss_coarr:           4         500  0.296875000000000000000000000000000      
 mult_seq:              4         600   3.10937500000000000000000000000000      
 mult_coarr:            4         600   1.43750000000000000000000000000000      
 gauss_seq:             4         600  0.500000000000000000000000000000000      
 gauss_coarr:           4         600  0.234375000000000000000000000000000      
 mult_seq:              4         700   6.64062500000000000000000000000000      
 mult_coarr:            4         700   2.40625000000000000000000000000000      
 gauss_seq:             4         700  0.625000000000000000000000000000000      
 gauss_coarr:           4         700  0.296875000000000000000000000000000      
 mult_seq:              4         800   10.1250000000000000000000000000000      
 mult_coarr:            4         800   3.75000000000000000000000000000000      
 gauss_seq:             4         800   1.06250000000000000000000000000000      
 gauss_coarr:           4         800  0.812500000000000000000000000000000      
 mult_seq:              4         900   15.1562500000000000000000000000000      
 mult_coarr:            4         900   4.92187500000000000000000000000000      
 gauss_seq:             4         900   1.62500000000000000000000000000000      
 gauss_coarr:           4         900   1.06250000000000000000000000000000      
 mult_seq:              4        1000   20.4375000000000000000000000000000      
 mult_coarr:            4        1000   6.90625000000000000000000000000000      
 gauss_seq:             4        1000   2.09375000000000000000000000000000      
 gauss_coarr:           4        1000   1.87500000000000000000000000000000      
 mult_seq:              4        1100   29.3437500000000000000000000000000      
 mult_coarr:            4        1100   9.71875000000000000000000000000000      
 gauss_seq:             4        1100   2.93750000000000000000000000000000      
 gauss_coarr:           4        1100   2.09375000000000000000000000000000      
 mult_seq:              4        1200   38.5625000000000000000000000000000      
 mult_coarr:            4        1200   13.2500000000000000000000000000000      
 gauss_seq:             4        1200   3.65625000000000000000000000000000      
 gauss_coarr:           4        1200   3.14062500000000000000000000000000      
 mult_seq:              4        1300   49.3125000000000000000000000000000      
 mult_coarr:            4        1300   16.1562500000000000000000000000000      
 gauss_seq:             4        1300   4.87500000000000000000000000000000      
 gauss_coarr:           4        1300   3.90625000000000000000000000000000      
 mult_seq:              4        1400   62.1875000000000000000000000000000      
 mult_coarr:            4        1400   21.1562500000000000000000000000000      
 gauss_seq:             4        1400   6.14062500000000000000000000000000      
 gauss_coarr:           4        1400   4.42187500000000000000000000000000      
 mult_seq:              4        1500   78.4843750000000000000000000000000      
 mult_coarr:            4        1500   27.4375000000000000000000000000000      
 gauss_seq:             4        1500   7.37500000000000000000000000000000      
 gauss_coarr:           4        1500   5.62500000000000000000000000000000      
